0
19.8882
39.7764
59.6646
79.5528
99.441
119.329
139.217
159.106
178.994
198.882
218.77
238.658
258.546
278.435
298.323
318.211
338.099
357.987
377.876
397.764
417.652
437.54
457.428
477.317
497.205
517.093
536.981
556.869
576.758
596.646
616.534
636.422
656.31
676.198
696.087
715.975
735.863
755.751
775.639
795.528
815.416
835.304
855.192
875.08
894.969
914.857
934.745
954.633
974.521
994.41
1014.3
1034.19
1054.07
1073.96
1093.85
1113.74
1133.63
1153.52
1173.4
1193.29
1213.18
1233.07
1252.96
1272.84
1292.73
1312.62
1332.51
1352.4
1372.29
1392.17
1412.06
1431.95
1451.84
1471.73
1491.61
1511.5
1531.39
1551.28
1571.17
1591.06
1610.94
1630.83
1650.72
1670.61
1690.5
1710.38
1730.27
1750.16
1770.05
1789.94
1809.83
1829.71
1849.6
1869.49
1889.38
1909.27
1929.15
1949.04
1968.93
1988.82
2008.71
2028.6
2048.48
2068.37
2088.26
2108.15
2128.04
2147.92
2167.81
2187.7
2207.59
2227.48
2247.37
2267.25
2287.14
2307.03
2326.92
2346.81
2366.69
2386.58
2406.47
2426.36
2446.25
2466.14
2486.02
2505.91
2525.8
2545.69
2565.58
2585.46
2605.35
2625.24
2645.13
2665.02
2684.91
2704.79
2724.68
2744.57
2764.46
2784.35
2804.23
2824.12
2844.01
2863.9
2883.79
2903.68
2923.56
2943.45
2963.34
2983.23
3003.12
3023
3042.89
3062.78
3082.67
3102.56
3122.45
3142.33
3162.22
3182.11
3202
