0
26.9076
53.8151
80.7227
107.63
134.538
161.445
188.353
215.26
242.168
269.076
295.983
322.891
349.798
376.706
403.613
430.521
457.429
484.336
511.244
538.151
565.059
591.966
618.874
645.781
672.689
699.597
726.504
753.412
780.319
807.227
834.134
861.042
887.949
914.857
941.765
968.672
995.58
1022.49
1049.39
1076.3
1103.21
1130.12
1157.03
1183.93
1210.84
1237.75
1264.66
1291.56
1318.47
1345.38
1372.29
1399.19
1426.1
1453.01
1479.92
1506.82
1533.73
1560.64
1587.55
1614.45
1641.36
1668.27
1695.18
1722.08
1748.99
1775.9
1802.81
1829.71
1856.62
1883.53
1910.44
1937.34
1964.25
1991.16
2018.07
2044.97
2071.88
2098.79
2125.7
2152.6
2179.51
2206.42
2233.33
2260.24
2287.14
2314.05
2340.96
2367.87
2394.77
2421.68
2448.59
2475.5
2502.4
2529.31
2556.22
2583.13
2610.03
2636.94
2663.85
2690.76
2717.66
2744.57
2771.48
2798.39
2825.29
2852.2
2879.11
2906.02
2932.92
2959.83
2986.74
3013.65
3040.55
3067.46
3094.37
3121.28
3148.18
3175.09
3202
